lunar_zodiac_dates = {
    "Rat": [
        (1900, 1, 31, 1901, 2, 18),
        (1912, 2, 18, 1913, 2, 5),
        (1924, 2, 5, 1925, 1, 23),
        (1936, 1, 24, 1937, 2, 10),
        (1948, 2, 10, 1949, 1, 28),
        (1960, 1, 28, 1961, 2, 14),
        (1972, 2, 15, 1973, 2, 2),
        (1984, 2, 2, 1985, 2, 19),
        (1996, 2, 19, 1997, 2, 6),
        (2008, 2, 7, 2009, 1, 25),
        (2020, 1, 25, 2021, 2, 11),
        (2032, 2, 11, 2033, 1, 30),
        (2044, 1, 30, 2045, 2, 16)
    ],
    "Ox": [
        (1901, 2, 19, 1902, 2, 7),
        (1913, 2, 6, 1914, 1, 25),
        (1925, 1, 24, 1926, 2, 12),
        (1937, 2, 11, 1938, 1, 30),
        (1949, 1, 29, 1950, 2, 16),
        (1961, 2, 15, 1962, 2, 4),
        (1973, 2, 3, 1974, 1, 22),
        (1985, 2, 20, 1986, 2, 8),
        (1997, 2, 7, 1998, 1, 27),
        (2009, 1, 26, 2010, 2, 13),
        (2021, 2, 12, 2022, 1, 31),
        (2033, 1, 31, 2034, 2, 18),
        (2045, 2, 17, 2046, 2, 5)
    ],
    "Tiger": [
        (1902, 2, 8, 1903, 1, 28),
        (1914, 1, 26, 1915, 2, 13),
        (1926, 2, 13, 1927, 2, 1),
        (1938, 1, 31, 1939, 2, 18),
        (1950, 2, 17, 1951, 2, 5),
        (1962, 2, 5, 1963, 1, 24),
        (1974, 1, 23, 1975, 2, 10),
        (1986, 2, 9, 1987, 1, 28),
        (1998, 1, 28, 1999, 2, 15),
        (2010, 2, 14, 2011, 2, 2),
        (2022, 2, 1, 2023, 1, 21),
        (2034, 2, 19, 2035, 2, 7),
        (2046, 2, 6, 2047, 1, 25)
    ],
    "Rabbit": [
        (1903, 1, 29, 1904, 2, 15),
        (1915, 2, 14, 1916, 2, 2),
        (1927, 2, 2, 1928, 1, 22),
        (1939, 2, 19, 1940, 2, 7),
        (1951, 2, 6, 1952, 1, 26),
        (1963, 1, 25, 1964, 2, 12),
        (1975, 2, 11, 1976, 1, 30),
        (1987, 1, 29, 1988, 2, 16),
        (1999, 2, 16, 2000, 2, 4),
        (2011, 2, 3, 2012, 1, 22),
        (2023, 1, 22, 2024, 2, 9),
        (2035, 2, 8, 2036, 1, 27),
        (2047, 1, 26, 2048, 2, 13)
    ],
    "Dragon": [
        (1904, 2, 16, 1905, 2, 3),
        (1916, 2, 3, 1917, 1, 22),
        (1928, 1, 23, 1929, 2, 9),
        (1940, 2, 8, 1941, 1, 26),
        (1952, 1, 27, 1953, 2, 13),
        (1964, 2, 13, 1965, 2, 1),
        (1976, 1, 31, 1977, 2, 17),
        (1988, 2, 17, 1989, 2, 5),
        (2000, 2, 5, 2001, 1, 23),
        (2012, 1, 23, 2013, 2, 9),
        (2024, 2, 10, 2025, 1, 28),
        (2036, 1, 28, 2037, 2, 14),
        (2048, 2, 14, 2049, 2, 1)
    ],
    "Snake": [
        (1905, 2, 4, 1906, 1, 24),
        (1917, 1, 23, 1918, 2, 10),
        (1929, 2, 10, 1930, 1, 29),
        (1941, 1, 27, 1942, 2, 14),
        (1953, 2, 14, 1954, 2, 2),
        (1965, 2, 2, 1966, 1, 20),
        (1977, 2, 18, 1978, 2, 6),
        (1989, 2, 6, 1990, 1, 26),
        (2001, 1, 24, 2002, 2, 11),
        (2013, 2, 10, 2014, 1, 30),
        (2025, 1, 29, 2026, 2, 16),
        (2037, 2, 15, 2038, 2, 3),
        (2049, 2, 2, 2050, 1, 21)
    ],
    "Horse": [
        (1906, 1, 25, 1907, 2, 12),
        (1918, 2, 11, 1919, 1, 31),
        (1930, 1, 30, 1931, 2, 16),
        (1942, 2, 15, 1943, 2, 4),
        (1954, 2, 3, 1955, 1, 23),
        (1966, 1, 21, 1967, 2, 8),
        (1978, 2, 7, 1979, 1, 27),
        (1990, 1, 27, 1991, 2, 14),
        (2002, 2, 12, 2003, 1, 31),
        (2014, 1, 31, 2015, 2, 18),
        (2026, 2, 17, 2027, 2, 5),
        (2038, 2, 4, 2039, 1, 23),
        (2050, 1, 22, 2051, 2, 8)
    ],
    "Goat": [
        (1907, 2, 13, 1908, 2, 1),
        (1919, 2, 1, 1920, 2, 19),
        (1931, 2, 17, 1932, 2, 5),
        (1943, 2, 5, 1944, 1, 24),
        (1955, 1, 24, 1956, 2, 11),
        (1967, 2, 9, 1968, 1, 29),
        (1979, 1, 28, 1980, 2, 15),
        (1991, 2, 15, 1992, 2, 3),
        (2003, 2, 1, 2004, 1, 21),
        (2015, 2, 19, 2016, 2, 7),
        (2027, 2, 6, 2028, 1, 25),
        (2039, 1, 24, 2040, 2, 11),
        (2051, 2, 9, 2052, 1, 28)
    ],
       "Monkey": [
        (1908, 2, 2, 1909, 1, 21),
        (1920, 2, 20, 1921, 2, 7),
        (1932, 2, 6, 1933, 1, 25),
        (1944, 1, 25, 1945, 2, 12),
        (1956, 2, 12, 1957, 1, 30),
        (1968, 1, 30, 1969, 2, 16),
        (1980, 2, 16, 1981, 2, 4),
        (1992, 2, 4, 1993, 1, 22),
        (2004, 1, 22, 2005, 2, 8),
        (2016, 2, 8, 2017, 1, 27),
        (2028, 1, 26, 2029, 2, 12),
        (2040, 2, 12, 2041, 1, 31),
        (2052, 1, 29, 2053, 2, 16)
    ],
    "Rooster": [
        (1909, 1, 22, 1910, 2, 9),
        (1921, 2, 8, 1922, 1, 27),
        (1933, 1, 26, 1934, 2, 13),
        (1945, 2, 13, 1946, 2, 1),
        (1957, 1, 31, 1958, 2, 17),
        (1969, 2, 17, 1970, 2, 5),
        (1981, 2, 5, 1982, 1, 24),
        (1993, 1, 23, 1994, 2, 9),
        (2005, 2, 9, 2006, 1, 28),
        (2017, 1, 28, 2018, 2, 15),
        (2029, 2, 13, 2030, 1, 31),
        (2041, 2, 1, 2042, 1, 21),
        (2053, 2, 17, 2054, 2, 4)
    ],
    "Dog": [
    (1910, 2, 10, 1911, 1, 29),
    (1922, 1, 28, 1923, 2, 15),
    (1934, 2, 14, 1935, 2, 3),
    (1946, 2, 2, 1947, 1, 21),
    (1958, 2, 18, 1959, 2, 7),
    (1970, 2, 6, 1971, 1, 26),
    (1982, 1, 25, 1983, 2, 12),
    (1994, 2, 10, 1995, 1, 30),
    (2006, 1, 29, 2007, 2, 17),
    (2018, 2, 16, 2019, 2, 4),
    (2030, 2, 3, 2031, 1, 22),
    (2042, 1, 22, 2043, 2, 9),
    (2054, 2, 5, 2055, 1, 24),
],
"Pig": [
    (1911, 1, 30, 1912, 2, 17),
    (1923, 2, 16, 1924, 2, 4),
    (1935, 2, 4, 1936, 1, 23),
    (1947, 1, 22, 1948, 2, 9),
    (1959, 2, 8, 1960, 1, 27),
    (1971, 1, 27, 1972, 2, 14),
    (1983, 2, 13, 1984, 2, 1),
    (1995, 1, 31, 1996, 2, 18),
    (2007, 2, 18, 2008, 2, 6),
    (2019, 2, 5, 2020, 1, 24),
    (2031, 1, 23, 2032, 2, 10),
    (2043, 2, 10, 2044, 1, 29),
    (2055, 1, 25, 2056, 2, 12),
],
